tree
version=v4
num_class=3
num_tree_per_iteration=3
label_index=0
max_feature_idx=39
objective=multiclass num_class:3
feature_names=Column_0 Column_1 Column_2 Column_3 Column_4 Column_5 Column_6 Column_7 Column_8 Column_9 Column_10 Column_11 Column_12 Column_13 Column_14 Column_15 Column_16 Column_17 Column_18 Column_19 Column_20 Column_21 Column_22 Column_23 Column_24 Column_25 Column_26 Column_27 Column_28 Column_29 Column_30 Column_31 Column_32 Column_33 Column_34 Column_35 Column_36 Column_37 Column_38 Column_39
feature_infos=[-11.109614796292474:14.5168795112982] [-11.092782626432454:14.545613800830612] [-0.55130226008766603:1.0409159431304091] [-0.52888302525454134:1.0363769720669662] [-0.50838708902962082:1.024361854459356] [-0.47202598764196191:0.98860878784450268] [-5.9021595585452173:6.5122031228128145] [-5.0871326260428527:6.1098436996917931] [-3.9453036600228777:5.1207539011388796] [-1.552043470055352:1.5463766382048143] [-1.9201086244563774:2.2120805007375837] [-2.0129784104477335:2.3267701337180839] [-4.7861325107400106:6.2250663820280581] [-4.4291310979186536:6.1174031081730726] [-5.2394435916060873:7.4848328775232797] [-0.51701692333141736:1.0421206815958561] [-0.52164875939414168:1.0331090004688597] [-0.54530089287306827:1.0539444432365199] [-0.89933854381303224:8.8756394914959227] [-1.8304248566348633:1.9957549512884649] [-1.1724931867307327:9.3515177145016164] [-1.2317680540728209:10.979544646029805] [-2.5740797860234594:4.5696230310358761] [-1.3645275319371877:3.5168217889764875] [-1.051089619068228:0.90323694592343073] [-1.0948381841457775:0.95225409804325678] [-3.4839934492973295:3.2818889059485827] [-6.4135410921130225:7.2202151130728645] [-6.4361248256630184:7.271902537270921] [-1.051089619068228:0.90323694592343073] [-2.2201314341158351:3.0949909132213516] [-1.0680628272251309:15.230366492146597] [-0.91230068337129822:8.5600797266514785] [-2.4939062201711035:14.065748766284818] [-0.90127929539951779:8.8179616388944382] [0:1] [0:1] [-0.69349470499221177:19.532829046896516] [-0.65024038461532419:13.917067307685283] [-0.67166762838933614:18.931332948612777]
tree_sizes=3268 243 3279

Tree=0
num_leaves=30
num_cat=0
split_feature=12 32 17 12 24 14 12 11 20 9 13 14 5 14 12 23 15 21 16 13 13 20 5 20 19 27 31 20 22
split_gain=25.3132 20.0628 12.442 11.4352 11.3756 10.6885 8.86108 10.7647 7.98318 14.495 8.43072 7.63823 12.4892 7.62004 7.45632 9.2453 6.99052 12.9746 16.8236 6.52744 9.20994 7.6106 5.59337 5.10084 4.9838 4.56903 4.1085 3.03558 1.06679
threshold=-0.80218719814777917 1.8926537585421415 -0.28105786282744921 1.0521973089557639 -0.58882224340826428 0.60273905528423943 0.15800126955284557 -0.54344347994119457 0.11361714124629245 -0.35622704334000382 -1.0283590063986281 0.62744451099780285 0.11507305493536617 -0.41393817250438386 -0.90685136419982959 1.2071387108807152 0.090892845537144329 1.3121664887938167 0.21755166098511661 -0.33930168068218808 -0.59761985667653772 -0.37815994737331687 0.033019314343265306 0.24358612912332689 0.70653219409480827 -0.52895752895759862 1.5890052356020943 -0.21966920402217069 -0.35934518170321988
decision_type=2 2 2 2 2 2 2 2 2 2 2 2 2 2 2 2 2 2 2 2 2 2 2 2 2 2 2 2 2
left_child=8 2 19 6 13 -6 7 -3 9 14 -11 12 -5 -4 15 -1 22 18 -18 20 -2 -21 23 -10 -13 -8 -19 -16 -24
right_child=1 3 4 11 5 -7 25 -9 16 10 -12 24 -14 -15 27 -17 17 26 -20 21 -22 -23 28 -25 -26 -27 -28 -29 -30
leaf_value=-0.6617326406741435 -0.69450223060476768 -0.74373192865427273 -0.6801410927638939 -0.63270639341349699 -0.67157612409380485 -0.68311878691163885 -0.69337639551423846 -0.68028157602155814 -0.73074339828085122 -0.6240642688138156 -0.67960960502127588 -0.71307397725111443 -0.68662796880200183 -0.69809851048768179 -0.7497932428285361 -0.7093123231647056 -0.62452608322709269 -0.7497932428285361 -0.69107078624117702 -0.7147723164883476 -0.6550453317887347 -0.68874715007345488 -0.72312346046177722 -0.70030292503455049 -0.68089630504774223 -0.73192173918070802 -0.70395455438566923 -0.7053436055506046 -0.7497932428285361
leaf_weight=19.872678101062775 30.746407628059387 8.2490361928939802 193.1024381518364 15.373203814029692 842.52656024694443 263.21924579143524 9.7488609552383405 35.245881915092468 15.748160004615782 13.123466670513155 14.248335242271422 25.871977150440216 35.620838105678558 85.11505526304245 7.4991238117218018 20.997546672821045 12.373554289340971 8.2490361928939837 40.87022477388382 37.120662868022919 28.496670484542847 115.48650670051575 7.4991238117218018 109.11225146055222 22.497371435165405 36.370750486850739 11.998598098754881 7.8740800023078901 7.4991238117218
leaf_count=53 82 22 515 41 2247 702 26 94 42 35 38 69 95 227 20 56 33 22 109 99 76 308 20 291 60 97 32 21 20
internal_value=-0.682398 -0.680149 -0.678325 -0.695554 -0.676598 -0.674324 -0.708505 -0.692315 -0.695915 -0.68282 -0.652978 -0.683874 -0.670372 -0.685635 -0.697343 -0.686177 -0.701047 -0.688562 -0.675606 -0.689609 -0.675523 -0.695078 -0.707608 -0.704142 -0.698108 -0.723774 -0.72263 -0.727026 -0.736458
internal_weight=2081.76 1784.79 1595.81 188.978 1383.96 1105.75 89.6145 43.4949 296.965 83.6152 27.3718 99.3634 50.994 278.217 56.2434 40.8702 213.35 73.4914 53.2438 211.85 59.2431 152.607 139.859 124.86 48.3693 46.1196 20.2476 15.3732 14.9982
internal_count=5552 4760 4256 504 3691 2949 239 116 792 223 73 265 136 742 150 109 569 196 142 565 158 407 373 333 129 123 54 41 40
is_linear=0
shrinkage=1


Tree=1
num_leaves=1
num_cat=0
split_feature=
split_gain=
threshold=
decision_type=
left_child=
right_child=
leaf_value=-34.538776391283193
leaf_weight=
leaf_count=5552
internal_value=
internal_weight=
internal_count=
is_linear=0
shrinkage=1


Tree=2
num_leaves=30
num_cat=0
split_feature=12 32 17 12 24 14 12 11 20 9 13 14 5 14 12 23 15 21 16 13 13 20 5 20 19 27 31 20 22
split_gain=25.3132 20.0628 12.442 11.4352 11.3756 10.6885 8.86108 10.7647 7.98318 14.495 8.43072 7.63823 12.4892 7.62004 7.45632 9.2453 6.99052 12.9746 16.8236 6.52744 9.20994 7.6106 5.59337 5.10084 4.9838 4.56903 4.1085 3.03558 1.06679
threshold=-0.80218719814777917 1.8926537585421415 -0.28105786282744921 1.0521973089557639 -0.58882224340826428 0.60273905528423943 0.15800126955284557 -0.54344347994119457 0.11361714124629245 -0.35622704334000382 -1.0283590063986281 0.62744451099780285 0.11507305493536617 -0.41393817250438386 -0.90685136419982959 1.2071387108807152 0.090892845537144329 1.3121664887938167 0.21755166098511661 -0.33930168068218808 -0.59761985667653772 -0.37815994737331687 0.033019314343265306 0.24358612912332689 0.70653219409480827 -0.52895752895759862 1.5890052356020943 -0.21966920402217069 -0.35934518170321988
decision_type=2 2 2 2 2 2 2 2 2 2 2 2 2 2 2 2 2 2 2 2 2 2 2 2 2 2 2 2 2
left_child=8 2 19 6 13 -6 7 -3 9 14 -11 12 -5 -4 15 -1 22 18 -18 20 -2 -21 23 -10 -13 -8 -19 -16 -24
right_child=1 3 4 11 5 -7 25 -9 16 10 -12 24 -14 -15 27 -17 17 26 -20 21 -22 -23 28 -25 -26 -27 -28 -29 -30
leaf_value=-0.72467851670881467 -0.69190892677819049 -0.64267922872868544 -0.70627006461906428 -0.75370476396946118 -0.71483503328915332 -0.70329237047131932 -0.69303476186871971 -0.70612958136140003 -0.65566775910210695 -0.76234688856914268 -0.70680155236168229 -0.67333718013184374 -0.69978318858095634 -0.68831264689527638 -0.63661791455442207 -0.67709883421825257 -0.76188507415586537 -0.63661791455442207 -0.69534037114178116 -0.67163884089461057 -0.73136582559422347 -0.69766400730950329 -0.66328769692118095 -0.68610823234840768 -0.70551485233521594 -0.65448941820225015 -0.68245660299728894 -0.68106755183235357 -0.63661791455442207
leaf_weight=19.872678101062775 30.746407628059387 8.2490361928939802 193.1024381518364 15.373203814029692 842.52656024694443 263.21924579143524 9.7488609552383405 35.245881915092468 15.748160004615782 13.123466670513155 14.248335242271422 25.871977150440216 35.620838105678558 85.11505526304245 7.4991238117218018 20.997546672821045 12.373554289340971 8.2490361928939837 40.87022477388382 37.120662868022919 28.496670484542847 115.48650670051575 7.4991238117218018 109.11225146055222 22.497371435165405 36.370750486850739 11.998598098754881 7.8740800023078901 7.4991238117218
leaf_count=53 82 22 515 41 2247 702 26 94 42 35 38 69 95 227 20 56 33 22 109 99 76 308 20 291 60 97 32 21 20
internal_value=-0.704013 -0.706262 -0.708086 -0.690857 -0.709813 -0.712087 -0.677906 -0.694096 -0.690496 -0.703591 -0.733433 -0.702538 -0.716039 -0.700776 -0.689068 -0.700234 -0.685364 -0.69785 -0.710805 -0.696802 -0.710888 -0.691334 -0.678803 -0.682269 -0.688304 -0.662637 -0.663782 -0.659385 -0.649953
internal_weight=2081.76 1784.79 1595.81 188.978 1383.96 1105.75 89.6145 43.4949 296.965 83.6152 27.3718 99.3634 50.994 278.217 56.2434 40.8702 213.35 73.4914 53.2438 211.85 59.2431 152.607 139.859 124.86 48.3693 46.1196 20.2476 15.3732 14.9982
internal_count=5552 4760 4256 504 3691 2949 239 116 792 223 73 265 136 742 150 109 569 196 142 565 158 407 373 333 129 123 54 41 40
is_linear=0
shrinkage=1


end of trees

feature_importances:
Column_12=8
Column_20=8
Column_13=6
Column_14=6
Column_5=4
Column_9=2
Column_11=2
Column_15=2
Column_16=2
Column_17=2
Column_19=2
Column_21=2
Column_22=2
Column_23=2
Column_24=2
Column_27=2
Column_31=2
Column_32=2

parameters:
[boosting: gbdt]
[objective: multiclass]
[metric: multi_logloss]
[tree_learner: serial]
[device_type: cpu]
[data_sample_strategy: bagging]
[data: ]
[valid: ]
[num_iterations: 300]
[learning_rate: 0.05]
[num_leaves: 31]
[num_threads: 0]
[seed: 0]
[deterministic: 0]
[force_col_wise: 1]
[force_row_wise: 0]
[histogram_pool_size: -1]
[max_depth: 5]
[min_data_in_leaf: 20]
[min_sum_hessian_in_leaf: 0.001]
[bagging_fraction: 1]
[pos_bagging_fraction: 1]
[neg_bagging_fraction: 1]
[bagging_freq: 0]
[bagging_seed: 3]
[bagging_by_query: 0]
[feature_fraction: 1]
[feature_fraction_bynode: 1]
[feature_fraction_seed: 2]
[extra_trees: 0]
[extra_seed: 6]
[early_stopping_round: 0]
[early_stopping_min_delta: 0]
[first_metric_only: 0]
[max_delta_step: 0]
[lambda_l1: 0]
[lambda_l2: 0]
[linear_lambda: 0]
[min_gain_to_split: 0]
[drop_rate: 0.1]
[max_drop: 50]
[skip_drop: 0.5]
[xgboost_dart_mode: 0]
[uniform_drop: 0]
[drop_seed: 4]
[top_rate: 0.2]
[other_rate: 0.1]
[min_data_per_group: 100]
[max_cat_threshold: 32]
[cat_l2: 10]
[cat_smooth: 10]
[max_cat_to_onehot: 4]
[top_k: 20]
[monotone_constraints: ]
[monotone_constraints_method: basic]
[monotone_penalty: 0]
[feature_contri: ]
[forcedsplits_filename: ]
[refit_decay_rate: 0.9]
[cegb_tradeoff: 1]
[cegb_penalty_split: 0]
[cegb_penalty_feature_lazy: ]
[cegb_penalty_feature_coupled: ]
[path_smooth: 0]
[interaction_constraints: ]
[verbosity: -1]
[saved_feature_importance_type: 0]
[use_quantized_grad: 0]
[num_grad_quant_bins: 4]
[quant_train_renew_leaf: 0]
[stochastic_rounding: 1]
[linear_tree: 0]
[max_bin: 255]
[max_bin_by_feature: ]
[min_data_in_bin: 3]
[bin_construct_sample_cnt: 200000]
[data_random_seed: 1]
[is_enable_sparse: 1]
[enable_bundle: 1]
[use_missing: 1]
[zero_as_missing: 0]
[feature_pre_filter: 1]
[pre_partition: 0]
[two_round: 0]
[header: 0]
[label_column: ]
[weight_column: ]
[group_column: ]
[ignore_column: ]
[categorical_feature: ]
[forcedbins_filename: ]
[precise_float_parser: 0]
[parser_config_file: ]
[objective_seed: 5]
[num_class: 3]
[is_unbalance: 0]
[scale_pos_weight: 1]
[sigmoid: 1]
[boost_from_average: 1]
[reg_sqrt: 0]
[alpha: 0.9]
[fair_c: 1]
[poisson_max_delta_step: 0.7]
[tweedie_variance_power: 1.5]
[lambdarank_truncation_level: 30]
[lambdarank_norm: 1]
[label_gain: ]
[lambdarank_position_bias_regularization: 0]
[eval_at: ]
[multi_error_top_k: 1]
[auc_mu_weights: ]
[num_machines: 1]
[local_listen_port: 12400]
[time_out: 120]
[machine_list_filename: ]
[machines: ]
[gpu_platform_id: -1]
[gpu_device_id: -1]
[gpu_use_dp: 0]
[num_gpu: 1]

end of parameters

pandas_categorical:null
